d5[] = { 8, 15, 13, 9, 14 }

d30[] = {
8, 15, 13, 9, 14, 12, 16, 15, 12, 7, 7, 11, 18, 12, 9,
25, 11, 6, 10, 7, 13, 13, 5, 8, 16, 20, 22, 15, 12, 11
}

d150 = {
   8, 14, 13, 7, 15, 12, 16, 15, 12, 9, 20, 22, 15, 12, 11,
   8, 14, 13, 7, 15, 12, 16, 15, 12, 9, 20, 22, 15, 12, 11,
  25, 13, 7, 10, 6, 11, 11, 5, 8, 16, 7, 11, 18, 12, 9,
  25, 13, 7, 10, 6, 11, 11, 5, 8, 16, 7, 11, 18, 12, 9,
   8, 14, 13, 7, 15, 12, 16, 15, 12, 9, 20, 22, 15, 12, 11,
  25, 13, 7, 10, 6, 11, 11, 5, 8, 16, 7, 11, 18, 12, 9,
   8, 14, 13, 7, 15, 12, 16, 15, 12, 9, 20, 22, 15, 12, 11,
   8, 14, 13, 7, 15, 12, 16, 15, 12, 9, 20, 22, 15, 12, 11,
  25, 13, 7, 10, 6, 11, 11, 5, 8, 16, 7, 11, 18, 12, 9,
  25, 13, 7, 10, 6, 11, 11, 5, 8, 16, 7, 11, 18, 12, 9
}

d150L[] = {
80000, 150000, 130000, 90000, 140000, 120000, 160000, 150000, 120000, 70000, 70000, 110000, 180000, 120000, 90000,
80000, 150000, 130000, 90000, 140000, 120000, 160000, 150000, 120000, 70000, 70000, 110000, 180000, 120000, 90000,
250000, 110000, 60000, 100000, 70000, 130000, 130000, 50000, 80000, 160000, 200000, 220000, 150000, 120000, 110000,
250000, 110000, 60000, 100000, 70000, 130000, 130000, 50000, 80000, 160000, 200000, 220000, 150000, 120000, 110000,
80000, 150000, 130000, 90000, 140000, 120000, 160000, 150000, 120000, 70000, 70000, 110000, 180000, 120000, 90000,
250000, 110000, 60000, 100000, 70000, 130000, 130000, 50000, 80000, 160000, 200000, 220000, 150000, 120000, 110000,
80000, 150000, 130000, 90000, 140000, 120000, 160000, 150000, 120000, 70000, 70000, 110000, 180000, 120000, 90000,
250000, 110000, 60000, 100000, 70000, 130000, 130000, 50000, 80000, 160000, 200000, 220000, 150000, 120000, 110000,
80000, 150000, 130000, 90000, 140000, 120000, 160000, 150000, 120000, 70000, 70000, 110000, 180000, 120000, 90000,
250000, 110000, 60000, 100000, 70000, 130000, 130000, 50000, 80000, 160000, 200000, 220000, 150000, 120000, 110000
}
